0.0 11228
0.002250641012742574 186
0.004501282025485148 147
0.006751923038227723 135
0.009002564050970297 112
0.01125320506371287 106
0.013503846076455446 97
0.015754487089198018 76
0.018005128101940594 83
0.02025576911468317 77
0.02250641012742574 81
0.024757051140168317 70
0.027007692152910892 57
0.029258333165653464 60
0.031508974178396036 56
0.03375961519113861 67
0.03601025620388119 47
0.03826089721662376 62
0.04051153822936634 45
0.04276217924210891 56
0.04501282025485148 57
0.04726346126759406 50
0.04951410228033663 51
0.05176474329307921 55
0.054015384305821784 66
0.05626602531856435 50
0.05851666633130693 42
0.060767307344049504 34
0.06301794835679207 48
0.06526858936953465 48
0.06751923038227722 40
0.0697698713950198 39
0.07202051240776237 47
0.07427115342050494 56
0.07652179443324753 34
0.0787724354459901 40
0.08102307645873268 34
0.08327371747147524 33
0.08552435848421781 49
0.0877749994969604 44
0.09002564050970296 32
0.09227628152244555 33
0.09452692253518812 30
0.09677756354793068 37
0.09902820456067327 35
0.10127884557341583 38
0.10352948658615842 34
0.10578012759890099 30
0.10803076861164357 31
0.11028140962438614 34
0.1125320506371287 39
0.11478269164987129 37
0.11703333266261386 38
0.11928397367535644 39
0.12153461468809901 33
0.12378525570084158 30
0.12603589671358414 35
0.12828653772632673 33
0.1305371787390693 31
0.13278781975181186 33
0.13503846076455445 25
0.13728910177729703 29
0.1395397427900396 25
0.14179038380278217 25
0.14404102481552475 30
0.14629166582826733 27
0.14854230684100989 37
0.15079294785375247 35
0.15304358886649505 26
0.15529422987923763 34
0.1575448708919802 28
0.15979551190472277 19
0.16204615291746535 25
0.1642967939302079 32
0.1665474349429505 24
0.16879807595569307 24
0.17104871696843563 28
0.1732993579811782 30
0.1755499989939208 32
0.17780064000666337 33
0.18005128101940593 29
0.1823019220321485 33
0.1845525630448911 33
0.18680320405763365 31
0.18905384507037623 35
0.1913044860831188 28
0.19355512709586137 25
0.19580576810860395 23
0.19805640912134653 31
0.20030705013408912 17
0.20255769114683167 22
0.20480833215957425 16
0.20705897317231683 27
0.2093096141850594 23
0.21156025519780197 23
0.21381089621054455 19
0.21606153722328714 21
0.2183121782360297 20
0.22056281924877227 26
0.22281346026151486 20
