0.0 10379
0.00225045169495666 188
0.00450090338991332 162
0.00675135508486998 118
0.00900180677982664 107
0.0112522584747833 95
0.01350271016973996 83
0.01575316186469662 77
0.01800361355965328 66
0.02025406525460994 91
0.0225045169495666 65
0.02475496864452326 73
0.02700542033947992 68
0.02925587203443658 72
0.03150632372939324 70
0.0337567754243499 39
0.03600722711930656 50
0.03825767881426322 66
0.04050813050921988 47
0.04275858220417654 53
0.0450090338991332 41
0.04725948559408986 53
0.04950993728904652 54
0.05176038898400318 40
0.05401084067895984 43
0.0562612923739165 49
0.05851174406887316 54
0.060762195763829824 45
0.06301264745878649 40
0.06526309915374313 37
0.0675135508486998 44
0.06976400254365646 31
0.07201445423861312 44
0.07426490593356978 26
0.07651535762852645 43
0.07876580932348311 34
0.08101626101843976 33
0.08326671271339642 36
0.08551716440835308 35
0.08776761610330974 41
0.0900180677982664 40
0.09226851949322307 50
0.09451897118817972 34
0.09676942288313638 30
0.09901987457809304 34
0.1012703262730497 40
0.10352077796800636 39
0.10577122966296303 33
0.10802168135791967 42
0.11027213305287634 24
0.112522584747833 35
0.11477303644278966 27
0.11702348813774632 22
0.11927393983270299 33
0.12152439152765965 31
0.1237748432226163 22
0.12602529491757297 23
0.12827574661252963 29
0.13052619830748627 32
0.13277665000244293 32
0.1350271016973996 24
0.13727755339235626 35
0.13952800508731292 27
0.14177845678226958 24
0.14402890847722624 26
0.1462793601721829 32
0.14852981186713957 33
0.15078026356209623 30
0.1530307152570529 22
0.15528116695200955 22
0.15753161864696621 30
0.15978207034192285 35
0.1620325220368795 29
0.16428297373183617 27
0.16653342542679284 25
0.1687838771217495 23
0.17103432881670616 21
0.17328478051166282 22
0.17553523220661948 17
0.17778568390157615 22
0.1800361355965328 30
0.18228658729148947 20
0.18453703898644613 28
0.1867874906814028 15
0.18903794237635943 16
0.1912883940713161 23
0.19353884576627275 31
0.19578929746122942 20
0.19803974915618608 20
0.20029020085114274 21
0.2025406525460994 19
0.20479110424105607 29
0.20704155593601273 24
0.2092920076309694 16
0.21154245932592605 28
0.21379291102088271 23
0.21604336271583935 17
0.218293814410796 18
0.22054426610575267 20
0.22279471780070934 21
